[slide1.jpg]
filters=radblur=1,0.500000,0.500000,-1.000000,-1.000000;
moddate=3460459659acd101
width=2560
height=1440
textactive=0
